+++++++++++++++++++++ 1
0 2
2 0
2 4
이동후 사람들 deque([[0, 0, 2], [0, 0, 2], [0, 0, 2]])
[[0, 0, 0], [9, 2, 2], [0, 1, 999]]
[[(0, 2, 0), (9, 1, 0), (0, 0, 0)], [(1, 2, 1), (2, 1, 1), (0, 0, 1)], [(999, 2, 2), (2, 1, 2), (0, 0, 2)]]
회전 후 사람들 deque([[0, 2, 2], [0, 2, 2], [0, 2, 2]])
출구 [2, 0]
+++++++++++++++++++++ 2
0 2
0 2
0 2
이동후 사람들 deque([[1, 2, 3], [1, 2, 3], [1, 2, 3]])
[[0, 8, 0], [0, 1, 0], [999, 1, 0]]
[[(999, 2, 0), (0, 1, 0), (0, 0, 0)], [(1, 2, 1), (1, 1, 1), (8, 0, 1)], [(0, 2, 2), (0, 1, 2), (0, 0, 2)]]
회전 후 사람들 deque([[2, 1, 3], [2, 1, 3], [2, 1, 3]])
출구 [0, 0]
+++++++++++++++++++++ 3
2 1
2 1
2 1
이동후 사람들 deque([[1, 1, 2], [1, 1, 2], [1, 1, 2]])
[[999, 0], [0, 0]]
[[(0, 1, 0), (999, 0, 0)], [(0, 1, 1), (0, 0, 1)]]
회전 후 사람들 deque([[1, 0, 2], [1, 0, 2], [1, 0, 2]])
출구 [0, 1]
+++++++++++++++++++++ 4
1 0
1 0
1 0
이동후 사람들 deque([[0, 0, 1], [0, 0, 1], [0, 0, 1]])
[[0, 999], [0, 0]]
[[(0, 1, 0), (0, 0, 0)], [(0, 1, 1), (999, 0, 1)]]
회전 후 사람들 deque([[0, 1, 1], [0, 1, 1], [0, 1, 1]])
출구 [1, 1]
+++++++++++++++++++++ 5
0 1
0 1
0 1
이동후 사람들 deque([])
15
2 2
