14 28
0 0 0 0 0 0 0 0 0 0 0 0 0 0
0 1 0 0 0 0 0 0 0 0 0 0 0 0
0 0 0 0 0 0 0 0 1 0 0 0 0 0
0 0 0 0 0 0 0 0 0 1 0 0 0 0
0 1 0 0 1 0 0 1 1 1 0 0 0 0
0 1 0 1 0 0 1 0 0 1 0 0 0 0
0 0 0 0 0 0 0 0 0 1 0 0 0 0
0 0 1 0 0 0 0 0 1 1 0 0 0 0
1 0 1 1 0 0 0 0 0 0 0 0 1 0
1 1 1 0 0 0 0 0 0 0 0 0 0 0
0 0 0 0 0 0 1 0 0 0 0 1 0 1
1 0 0 0 0 0 0 1 0 0 0 1 0 0
0 0 0 0 0 1 0 0 1 0 0 0 0 0
0 0 1 0 0 0 0 0 1 1 0 0 0 0
4 12
10 9
13 4
11 8 
10 7
8 7
7 3
3 1
4 2
14 8
2 14
12 6
9 9
4 3
10 4
5 1
10 10
3 2
14 11
5 13
4 11
1 3
6 14
5 4
10 13
11 4
5 14
7 5
